7506611958118467120063685841708178043027647410686873487367106426605305980227
16947304753458386669801624905617534535659704753661476320074925530579946448163
21246790196956583595625940915359992699034676104073876872582617873605020011501
3799344467194005514401776580398013857896771327316267575421021270683071530672
4537754269840029650511468783954612505065568980153496044095328870191458696753
4693532850633107034680842679203524877878072350009118771265656203711212870068
10075100054481296399222970740871630365580827217097643157853472649844333291889
7044616885336333536094718819468908833135239301133846669854519055555800701272
15168093793291115229716570131322796870997814257096141398981179279403729053172
9300220670180395909280068636419981540457231425063953799584604346149485663666
7534592588549892660629084068769553218478254296887906379009609100068200892179
8600879842104652875881466339801644396023795983403566105415168336171184018315
15255967692447769365546264224565777435502311300656363605324959226311877218059
2804576038309687478795378419388122648935889810879811032636211383458860818807
10994478782622101440580500494197764844356754374634552929279869293034711385829
969339718179267594853948415469915285200855482621884472345779350922292096222
21637417032377170733232887070275234381234280546227149534720772727220864844258
15196373294094658118266881936131512714516994817277085893321861430139343692742
11581340787344035946558685614768163050040763026650300815830442376276594100842
5037059383107080029385834210831682236491271095368119569429147248288027139521
19402777497301007360939614219270079754593671873422258257037302120760979746514
5385725707167903796067402795461179842331486439851354092682254625669753941790
11870354620406924627612488748540901170177409962034802626956559013947572596089
16864345105506673877493669250930545829558703958382641352533421395722769227365
3502510670038658893548320500435659055962343408081063095980529963019334842562
18309704122179348253758351316583651215097064127002401651935358759084097009478
4448302339722210410323540227450351022925851503441253151381633808989971365378
11642676375414496415780177074344341759126003187490262523680165574095537146776
17316161804650179859261752285510963563841139784338115621442203255068115449178
20609514794786975276918484665366646048287770685313947356114986954964356400365
21741685555357005532153171290186233784759836948180944281468547716938719905555
15460487563430405076035170356145085331971852913889376301793429702174686101811
15934948957077855431084603443558741644986867021071061527829938774002128819897
5349665521329312023668626745702546661390561885527511891575164105508747021812
21374255217900489810458404092499174900136559304764399140164057758638418010333
13408567878537515568959151663337011675261457948658880251934836201020242797362
5297585846046526277060162583631449204839196869300294565887585400100650160480
4092445297226655409165907200318101678096530616159521311871088760962216766071
2224132752609396430246849208980958526608219943810104915437408930156150685716
2627717323662774349670781502542586277203385884054303779455785218106227798087
5352995273928788242979913300235271016907218782177244425814830635522108148226
8076840855220598335911920065733700312470810287910504352355881806418336820038
5230813499040514314255210207408338305602195547226125022601650022506403084656
16420972426303527270546860565281238009011026452917490955207029967261603502303
16446697071171715350850181964226835218991071688934204224482264538821604796708
4626289151805548658803702817524894084806333554513459748308084290766071365714
3753080514248200214625379106565304094709001224508424141347301008021512992223
14226464216678006840371365847774925288089630214359161127676148811279163081074
18708112611180798825406600035018277767977912097205193550280571626366724072249
3333851306071294446544820959480888631362539264377246729071314260858973329767
15918212616220820807638154649556455709104328721627617911945360146417410355539
6026626433914608869547807779585795749829500654497716183318505032521089259289
18860832827272196565243903946176065113161525549874508380249524168750156175997
1173363579120995113191265821285074120696148037730973417010278971545832338281
14485945752973362898401269759503367919665956751441861890433937581601784548922
21663519272497199531878900486190443017083360701820224427076919028395860871876
13201823744762313234374896218528801115488533710720459204352105879244695646191
14380404601893043087866667363783668002911922101982736503926778192091188743973
15106848552993202482865603329998205332914258033671078705990228923901521248325
20216903660116280187746846359711479808939131857251666176357340141526762201599
13111726060184860818026351268399548333323139021803456505686673556155387440200
10610981820787603168681753803491633942278011107399370177974582555946300336779
19019363093865642486766049190476340519162140938891598751659152640218921569868
9001747809844571871098390545487620531271415249863633934279747876802824041641
17377752780749008152719651107998739771351728811453760466441825101569233761270
6607132451024209386110512328223725199542601271564973528824648885767486133664
17998056140765350838879301855711143294733447135254095286836265982565107193698
20305836380916617731263631178185298279831053367796353245251528294628703937569
12412769603621670984391087552411461659126026459116117114574292721530184707452
948300568639391122141944459550303215812425467304789903268150206116859905829
2756641332712849818514464413701593798615158092722851611726380983068640797270
14487309554788739140338720219205864764029548875551870949008917388248511612245
10189225942296955088741544906440636365085880028813913227469097161891153690517
10116520200280009174648411017070705569891510279406510609190133691795689082371
11821895785294286351713541391942332500604160729521766229008988879580802069764
13414063608766488091127590241131700164107150246346915915980176565297757336465
7666650371746426855744976826210459995297997748063462068592555678575092373980
553236371000010607163466537760646703924872412791860491090311255068273654291
20126396047418457010449386426942723433661289339453300864128259586269457740570
13807678544931436347256913818532918876009649541249886019119838297162349243209
2920518101775986425853352177389043003657874407816429817164171134751733254947
4395697665633371750230838305654857263613299403948313005892688359456593368984
6210332388152861797296647183283171254102081464359006826532212157948102468127
6700907221070575726418263265432516562267502948762285800973352162731537288159
3974403616786143424837052972030199643505082127309487553819351338517891890641
20895225171014755641131392723011388507010983623557732026971926609812066418262
14830971245515975674738311057058641914498607248173258815034051397179244681374
14217166647119555757087725306327288194687925502956704933652244095332507655798
547306983969389587595995553981332343156250916965862592379631214007745649977
3656155244271892799963064573726879601834507173197171782726629853956772802162
14781358464052224800886738932215274250092250645928962024111235447653862234860
15571455909505245738420259714337464683152067275414831239219967015661576588710
21716627923492260554178596464018062648287236992026715240805153641751760501568
18429479145275256145040134824776204456757934083728899195807223426928145283767
14590896707984386678407661518193510796211004829846739723167955516314536488312
5364846444483935991819887639155787178688286892628055230442348393360968864165
9801622906774738403384239914839094674761724577558153039348209006591762016507
15431878162193705014848255398295325695049573682949436842449218146856708553948
20385915059841553350063953555311644679628149074969022444688004876281610915975
11236761174796376103584872853089573894584730345383658669546459654139545949581
19952287938631322005573576342533208775096503451137012637458105411185461762941
7508781180044334705587084953243206683942420098331086284087206231631018708575
15681400181113598364628105815122138235179176976783358355942662032711440017973
3435817167385160318277657933794557884824844823668376110453476951881422881268
11929365857107098101589267810762562226020309755769833122893528026301130816
5133072936366219829675229861111639402810573422481458796259040433705725033664
12571217363251542126925758901348352952326687285079941547514661590177737440312
