3753290604638666365629493345667492887360387304355990211724271473447884148794
15011519063584535071494262518037266494433360043082782558351133088518307419151
7714727977557247982396391355777119148295034796730416117011181333254288639514
15206250624448000772597285428373903624843271717034486763325494148480213137700
12381318998910310345580426604168871544024341003785079436806002375239595371325
12849015442450860926086374222919761491713956664568637795420468423165823099194
16333218925438193092824506846359591376194793739955154835047479049150810674491
12788889653343121626819784225498313067245536709230670631686925995840290511213
15501403044539906665697424087897857148294612507792285658416947090586796730277
3729747152292447268163600335290188867678488445027300049642896977644823348007
15687034843080273030524149840540202397661187588600314326827112527502957831312
20669256476061161996799132601039592579010840554668445888023960767947210061152
11560315816620203393265363486470336907160277818896689804293029388270027223793
1593298911726363534916096032368796407309759716003450824653197027545619121521
1200766011277165064300136459759378813227763514840649949493409636580735566531
11282616529489245873875246171247601218216819237693711408690618786712064210625
8876305642591072856455890575193131088106416435592257921591234048467540112670
13823787553341301905560046197623439299430300684159982167967398098413833512052
6042311207445316683479555274762801236334441877838505046229016097296561852647
21600038265773212651337877324972405300134521785865147561282525987935349814734
15676919684811436321949453651263585956284311264234582123610434107970479563144
13179695885633948540214780150814688726882880916227222088444965215043505835762
16492312883845526845961796604171903372982836591142976467887965462257340538763
16797169319732745035071069618768025023376377003300948995687896867685507739917
10629436817111029613185120671912386200005476125514147113845470223102283939877
13256817602160313814886489943463434149036283139235055028138810801758353967078
19259594954942806706527082563937364728633410387942165185981013093496363034585
19186292311005786497441895717823997722736621991279629224659101920602738628914
1651221564778243835913652612380819672300552984101016515863657314762408978377
16665516900599186161719478959468094447930387750849141659875298682856117391850
9804176866863405456285906799916733553979002823999921782546967869694005192157
20394034410493349019351461165285538955581490247060176344467369850385206711348
6690707647084151316253263865415390143343700558488932648967341750594699898164
16283397479025355574752549993362350959251567903431511552334027590081820091096
13684108091543804585262319781915421576447324763271841449435830767391648720856
12982255836863654075496093465461530523088829896783409133875538203123770608917
10155614952255384063279173454483395450145964513408943530880317199425419736878
15270833406073306099869483055601864617906301390216424271799106367774668764121
2255279796762388059963185486181690160335014034571730674387739566535926049169
9503478546319104277766008194054165335515962741861358827463809267409241889148
19688123491080356720916488362058486768644603068632433251599915508718126334287
871088358257397021182951668760960902211254974916249731043606406869553655426
14024084256791835578203601823913648656055414992322004578795801472792486374009
7839857115776406720535818654398754684453305364719813606809255709771712670670
9984253181190220366971914454205067425902127151452354854086556632975538352073
2281718706767611397105739407993816112491085218991143451646746471851915967209
3111736914156890961550407065011884555309847384140872545147974495108085059672
7298671632896507870038923874702500790269623613787560154460291920831994470879
16905370805845576503415895731704837261834515222694273722879108060296404024849
4648441990879248752237432321782519418873942593983092029079162014258105405339
1146463846118604433960434337745006935894306804410894072734094683019752187447
4019003364360427786977352714128910157007319229115833893373190828924223302805
3122793392986042160770327747524362123789947896169483253871972790407430479211
16428380934948640605702611444881423436479235344169261699998317003435999244779
3211510183412014073006778184582564289342417058479192587056219965435641664783
10600275684009647645616819959106458260407831707537064095016502178006992162131
13119863494618097224543364031978382996626084128553519539177641109118222359279
13340762894897087434633271645817312316463295737536890575157259586270288860374
13194126854910650963399252521410460631537913631914829358074770330670599573300
21221341192348250139950849970823922781466415107513317014542277274546193991519
162801767487173069237304269169208521505947425859057339046343519243639825659
8583387436958163836452259924988770627432812176816616926876502674252911556564
21728479138237271502816619658236598598547107320266653595580000668962941594574
19281217296250414837924800001917794663591645725647000118766116497932971782965
7569939920284276480525891234821124850576091969069794256612865894617936345447
2854209955313596413385054528761421924882455703570426322663486917626604805323
14158477288091494934073633383421964140498698641717916349716772910430500004866
17364277832670764372205178420132167004080915659241028631266566079759361029056
21547100965255766327619139696261089530744255385121894520933939311156877046592
3768187922503045396043001303634365334243054690934550562330826025897459820310
2136429189168792310739251224690856779631615072810139598825389201030689753437
11636483733528304747543428826731453290705266233490055921828609922691726748137
2675731777900719572962556306333920091237256731398102079875579926107648286887
12820363734673605253912850120172122582426947660350624741605433616882416034341
8385199218006817878029390046251967165255767208443062240795174536227599323254
20973668591223969616740166135147828410273949680669413486276129562296922427317
17117150729879719470950892441086897880034023662688580378745165627709978515272
6835675508344910570752304432859472464224253023888365851033231333700610632672
679517419407723735675474735105210387917136520403562392150719703343175997250
15120738481925603786649939237683023301495851914199111842966421168466747596759
14292881921616422176607684321217799687318338533781002850603970867196999591312
3053226209008192450056798728081342509123331526706626312589219925767402474363
4627137736156586779935887413714806809415131602940079026809590165235827985867
7374787846125656186785690262806576639593879680805681959257279608266031710811
6519556838595717823129090513827528017522609253240335459984371135550167983074
9937284725214163195559378838662817204161338269852081148605443265691881534981
12584755864655767595400547126992689398963182359349429030683079615897018751334
5706723920225549354402829240878931624116904261336976732314536774222888284930
7094707128342308388375859859925106369109253464097366908787194831264859561902
5721079245778009062212137794803304579317429664142943832242217266660832601768
6436312774463931697700448883870901614866047539230445562756182221536597082752
315594812787070519505358580616524702608704031955858897967585504733682418881
16178927757753051027987532707124696582242925721735920279664488937841017534027
16650445763417015713778576651257420851941310315458972889939574867258383644779
14004335459730712750452965644095352874738010182913708012536822214339228964107
12158117998992517712720167264053752586555790072332439783248430534054558008578
12551629524695348930422063351396169374121157940663852188071100247661900976542
4667016065714386482878752434661201035263292174734353971047414850926869287670
17958115272795192805164002214799055805895109625685238401702694176423156202735
3695157539261758097935906323209466598705541934135225776544806151543853787633
10138926714665906117876284856351629443951679324119506858350825416117503678204
4296686771394721937647559819434183844662595452192939258079041799421856990007
20550244110031737966389956765124811238462603066305873469320037099130009391771
12939914055411492462982785163366195364251960164778510268862113150722245324536
9716437406377618030945463071446654178157704135539992785329430332219803677781
12946123813362933681653165116871117726317068728270606746606052580286382746262
2494966974702315094683459876921635292850685163170086147209595205733486735574
21147682309904845325699145350285892381060094165733163764457457776755428974586
4888916271571650772009525142167640065796527212526248508971814189919380619811
3396502038166346451534678640828614419355221529827605954017799815674636015562
17542289036000902923598250633404007402761484616954101654416974221739485680136
2540275286546196659963453479327862152009869222408971770331575505266353623066
13682034032598817811166039504029719089781230899235824152025049633547715757230
4999819727847606879920548693087743142073084712992452352592852246536823763920
3944650649037711438859126472083699986964557771274204149186088138598786018632
11652248233716369019091567661749526608544006295699815887078033081736911902589
10313795173443798057057344787291410344502678977409164873274488995281974566008
2422064836276159309988610378572960842487997167086770515814155096329681310851
17027838282670887490680764750461513862628315370259952557148723279104752101987
13728222244198977509471891506474441122668245733127630723719861893666373937756
15216634086881579289188977494262657024984389305371229907613000375183693861141
15803075700402501103389726096780809924837925779056703018774240529201037424040
4468393906488620421127062287394112290758247646647836379821040279542319652528
14019853963457893300811486326129801104323662827125508173306152527998854674651
5378714336533318825864836595359650182986501256594383916635434049524443666076
11908954852095265392502263017785825074671496028105308150617987141027348422453
17073666033495507443574829526948341216453071616256404116780671228096574861903
98730783164073389241516654483970632465103116769917319751481263069434210131
10876469665330165536572798720953970744262017344470829456953695137003814171067
8103216804733250448181052533927894608524588039661871130995724608344229038413
13241871688375970205848724737458701465637568440509206917861332787229819407379
7850932964679862238815273157046569386110205143272453645617188065420911825813
2409600169947607035989719047745160798732919967475824449537465499639792890304
19451360095803409583527983481867461677666227366357677169811719920284584840300
14373224546753407254604555888987909594554504133673427772175318723603128155143
8850657026809384564742219571785479580621052770965398501243644939895600648051
9266839194215065624505032869580182507675594103809885168771419069784291113251
12145282321878903256679332850956684764718493198553245080615580249633227551560
1627061901800469412312424711551262113354293420254941412494257809046033809488
14766357465287873841455723900959600240799675146950559314055904051363554477970
11949965991881540777276462862136563988730661022670216882285902307716743234805
639121504918019910257565779387869505248377780231692072532842753350189391082
7378695076882770242257464837144430396261389254342341538013646617056229903946
19239440707346476069645869288038552135750971695209926254199196281186270914894
12951559292643096128881429366874133828466574542588744431390459695404606817864
20544665666659952336839332301686901263936181281035109801969450710959471330003
21406659666485790561191677331874390879091959799527659197858479120858673381983
11246480656488841084624381450681390829042063556751153086697975487065505361606
8846977962034996406245856364568046420541536740216520783681053944740504277957
11747150273631041589523784450351897703286834686283673995442121294686880027006
12583662972242326445428423253833040385583434762949553825387724527549952411636
7423980150043283306182499284191631664481572938175009210660673963345047102013
18780464517693658092915603197766899906223427309338714001620895248075051265203
4379039709536550292840282676835594699282080819808036191471676964917334724248
14876564249455641776712199626113309947411510557355168178372292389574864795297
18845418648084622740616741526716180721818677386428489470340885605441997127287
4649942480897830092118510773413978756276302497047185281666217441157815317019
11453595889939481170443348301945644334635585742197538608067346116859984067190
3772963324096207547267636192152341197338485251017817555187426085296018329580
1799784083989331543841699733269774368575465070084952719553531613652402790024
528372807772140027660439964375891714720885801021285690396832980139941847700
8385633420310640448350561365512382665776011226343925165579599266219442138584
13197240918701456046767218559636535400456201314194881423756222507831746603353
14381200317325035361424711038507599886038202595455527830270082749084286763048
18397696076558289402590819351226373560210902535075621426949099411623176856706
11540040928369781387554757881582360758764627286584277118129928891786197505275
16280360791620506599329900069674094683534114732846260159689906153365386856896
18685918061027063260357715067586758068212239992769617377524818805225265248399
17473963017098481379386701506462151699943844808052214399002770567475223106208
10209109066575261062620355308336051462390200466296257143724525388873547894765
17704257201110439204078162459104606413310295454305069815495855088609804710478
3364570894770187590991075491877964060179704580014905168145713699035725710102
6094162358136320339087673804294605409778383280985039840797519447243706623080
3911928058745834141639667471541092520001163034355895569488130913541011578664
2710346585382833861626075043934172370483028338187399732351899262490726893894
18142024607148511063769198366966793895024022023829562070064575572262023842162
4915619935842559071298817795235268430849294950657353623065987413902086352132
19203826495462526980818512489472763865181401587803466772761585305214898082741
4615937215204632742521366971828655440739985287738044427376387051203885234492
2165366897662095024353158332318110930126213631572954972904708987071133186635
18530195900317849355648661523494892917154808952449551772071952593255302916771
15067136106756625848674363097123845470391367205454119973573605510472742214841
759019810625248561843167768374822353786925603788749243179931352053304555624
15353438559765301699087179131676693256214212265659998558333687724099597721167
4004110582299836614688786665338201184392359977899809139266577716145969874005
4230638457071976448906972883215127523782579611295501027594703654762874895
9773636806203383425133650528159161414714693542977640309080127811802484308069
9160748440932846781100898163664266740353845080670689060855589109266009151006
11095267967871478274626559315600287715483892683205332208688359799475440043382
14678961205603095453284630122870475274730697339160899320550977498976494747706
8237539557213177179576288431487330277703177679554099240924350491882977117709
5517413689030889077699640316839378441774308102394449023799911499708059472240
13017871827241792584247493675976121030765436898292249206370419824604766314792
9472166208800384454131540076053404805912359909418072553277785979149115689372
15303995102881834527741376374949738489389338836351762465822084959789937445591
11405521025005340183534595156132371925642741225141707661382411277114173405144
20211573725685514995944367404289547642199195103173691322148121824313917608816
19071013560966987353141730164363717552750965034198897942257131498055301774956
1725178214967419659763783882326745573178267509012993579361607079039047990180
20105983337039017604734447218162316968823481677324524816259089973019360684688
7687984355209516886149613057752140899786749512763634968007140300480959873324
21687435699549560988663092317274683755304252261409285961542691106742348467697
14054437143526609791846302155805891772714712189608079984858605746036921169599
13744577518465989532459266399655661825084234369026406096443014665451326864265
4424227749738535067051728396791308155732406676113661444017911568558413056752
17560682440961733806087785457145900918917856857312222513736353030849051807476
13850212719706644164607489052690998351681210136148432391731768280289969212483
1951032158336189017414898410435188315619209171735093607282748872263382452294
20686649703068055214558690797400047527348937312836166793979305126687706435470
18090962506770463378893543600746542378877518382751419881239657711052195469349
7264336008408340129344332309372864955004462812142149669380203192452828138389
9456274739288207973965051466454274323136977670800230199344881812341923128863
6397448193043814911687067645985348332591897696169001112701814019729306802983
11986779685592564706499503399826165007134991142327192408638911621323348078149
15137906878206664226849081878024498092020149571867910273587118570059826040020
16913742832761318391612034046392017266544066755527315570465367794091657273390
21099242977826820536230953638795733080412243602216937067267007406584971304582
19256941855288802419550054731520830584576996109031931668494410863038024952191
19663054436560277679805408608266651997603153746630104152816257434511991232326
19883554844994527531977016001621750441677070694239681697805974579782551347306
1723679751935984929739534628158941184356245127243966360668033232649725016528
3092491347232106918884519074677544080932068252868181740451102371737412278788
7824911346798803980342886114758523024386146195211800103560403676572486632423
21852688202806990614270378687587684913271136424069693890504729621719145503337
17247295402115421935421001202110783550365703016567300297984234194995815607819
2900046901647481205148148447828944188117256559640083102987415727418061036805
4173592298240289862957362960566149232450706721832839765387605248742731227166
1598346776267148993693938621557632936951852517162676278632676897701212050136
16482851302003266744844495974157852414898995311754875218189884579369686897235
2726678788855102184964954456738849823652869239451337407055512280947430507492
2748960507173557215466322932597383390096633246065522962094815728657037123120
2123575949543352406859417903111989984322187023922943533573570952167873146659
8532452427983136191163893700210167276384548459188234448464800376338814899751
2827824613333203742764921648597348016473813276496280943023476299156125915559
1877752162222906928184010671024490017995088139922852035753564002963122321382
20827259389941651119846030931569356237405995045488697865557813013771424299487
19630686698281387165093082308513212686483458758242795566785958051591257683043
9320081832114939469976213024373324709724807348124286432481547042069505515089
10008629147676065881801660520558695720158972357344771571395817650790738352486
1394700253499374437186205256129128526935000007399859117857804337378645158834
2994617012946515039219918800455306205063656577016382805328690058729812307182
9241490221864262228861336130177305523874633712623425236521101490499778287753
13221686830981307726778261277008986754315705185456831742417312913377440005679
21021432186308965562461877768584757837263809773516673489686820263520212444156
8727235801562290241634701767635919638200984719858197207359462125290878772985
5816712686004891276601253914872109321590501268994661217705766431272916309420
19202266191166854246356927357239983833538535375179478726530246616192919934928
5510254835517058036104230771140441112093063886592871567100183198092669974905
21074353141950692061379226125319886624107733914113644896484398759232959146481
1130680727423442963227969178295782627217572415019238289098573429638368298172
17991963556794323512343000855211314562651413869472199916989325606610113918399
15529676153600038254074018278921279631266300842237927680047061252147222432913
15355117107064910783062347289950320824744336357875063554871810295168956198543
1728179236874579429433615696442822868058099390329488003852854622931380570613
12933637331504114360003735553350022973767900482992184334612045329774745537823
15426677665632167055895491128603125386778783199533639259592048611645992907201
7152522304311322346703666395243268363842520249670582450831510411854591244821
11350584881307822838205990350489447522766809006839621235657749595603011812229
2084232961141940219640913428826882276822484258123508453857712115210026913740
3709446194729331138557131572256593193139989907970911479636652620643584078254
2402913755930397439189431720315840961234720247280930856240840867110041717973
12281580655921251428216284629354600864491809483127442014133316208103833963650
8328111081812622022913391750731071587460206557272013200942869190981788401072
4682574840030595709238590707176779368287417883921571858807764071263102612325
17776704785997612438772104969532981010247068275386001688041763622251756474569
13119054916070809671248386234952060314346382734253560816932536534626645201969
12502360298688737881436789563273801842866746946363477681270651034472341952351
6938590449197036349877319358215390361796310834293756208145867938295858156391
4395294868571144386744700229340004126265196809311347117760193661569703790251
17809113072252636913992633224319442522834841874323910513862528681464374981518
5040830031354726050244884009714845437122597127960307063676817163569638054072
8888379218205133725439162221499790564261009358291991953667254649059257283987
5278476035489879812992145817765198474461520394149563702776894368181589006932
20846476092627269978817526950304382732292777055260550279171656925336826253470
16060417168973235002920817611782599289698211350711878487595046969100888937952
21582417918277352033925700239273096049631546485721192882631308962237793057991
21690943546517610960736342910894752742916323977257053019743604916474455241932
1702930548666826453502919718310108834296800974792801232136929063862058726721
15156462132507887329725648625398612653505384477747505965035187135530660174639
18875352993798009758907661347731377429650818792819087237588500526613676745632
2121824687362720587029454076142789951025734796933613986557382867320953127397
3996093555442361984559341608884651774136911459637997818895292415129807416141
5418842716258197301374135144592668740843561839490605060012343471076489423468
16708451908280019341903534665652595365730234730585943548617506862562860075697
19686865761447792491975650542710716791857219023214385398397555938687682245852
15104847472720540940764899943980359073598027131762498611282484120443030938152
18492791287486809822282890631994156206285160240806730680229376786099252937225
1864736366548954516280773106058631490499256279726401410323650584629018880172
21740038010175136057160080254263505727709109622366851141157761719193838091900
5070785664344380706833702704790778336711460774057099987313572372219862571327
6836998534724281959648432981585813535473973634708031441226361819005376068699
20093652989184965657712743771935979584562708527434153500321306033376237700463
5309662531065515423021298760728133768629198003971362723008754638675919217223
2250629657258088868340000424949954170386565936887619319940144104857244521420
8800136381618131338502848053059809945251576742314537481241448977274194035897
20707691817206067932782574660394153605136152068770639524886728165711741927564
7909979173467776250529227805546099527748573156742104916713028611170640422697
7677518386408010858440641613406378766503542073782177430133095567438442089695
20185118214325008420227525008252029430261286077268850132902021465616826494210
13134210315596246669053643209251529237010782203713527977972390453628029283564
