15536450028183028438592250091047282617497971059028057278406989608986156546575
6032582213238031112669168693353543211042463302240981908953446688878953326040
6167214670962914610214666898201637485017831414691686399408828381662236461075
17428290972445565716051037689928997296937430214530089917890077981937961368849
3871166653640528808180181698355621776038363801044727245773497882591279013370
20881122058021287242234323267630288935098054146466459512313283712354460536929
7746576030239963066576625968803644405511433940952154541878091396656417749237
16504849247047319987847524955561616898015004934005955553280680233587043978657
8133100397177345955501424110703176217453871648047495091421699201954014832442
9955781825516688576171665266804677924585968286494739647800692205479688383219
8162295650440028404939388874033620979703039838456893422573479613579629112089
15530423943658443981172304938947570004468868227586544338875863214733913523407
1546942488676294671147083509312583219064931400554704853054943580686518963257
12253470935440852123645101276945488297366216082089808521250083859914789680664
12891652169631409041755679325153238808986066927705638878591327698354678668151
8115189774321812989820076632190198526653467319271132224391536660846665536533
9148095109539598166396304443307082199979853476713311151217135247202604312757
15913519853409412667513613524610682447367983711146111994267686216715426265309
10204123168953822133857618497472544902270858870655830402027330323897388102682
12063506071425534842856282933207424934742457051430333079605827820495153576225
379379040087451525689034679029569041477305795702771177182713557655193282485
2316677292750384123520327324699312815968196456052326632874447638087027497331
1568007553108205810552661085745262314526861130949660455976381821326155043562
17275027031652058015440829264476655358102338678375120447583117172541733681459
4370850825027781111591399697257110770507490453793813214638152048409187447807
13591224586587833505103111661648130217259961508752188263694607757862158768894
1925548799647181420462890342864520780453234984191107709336239035400534258512
17447464835174086312182623653139943241352489376767797079206341340157313147133
6528195161477806412405021143736616335430181467311695391380871923700094574714
2027048840969747583407685351638600581276483064056887875450552297549524612553
6780825075911775283846296603057249356161565835223135335305241273498781078173
10397848759846799069022752714672573560007538679680176802436026239956534584675
10768051817261429205155766210930068617851778514699277279379552210997851372334
13186700763882099722650503126728860929073722953908787846735762695368348335339
12623458276580285907293148379132016662296569054292586284709336163211566208187
9374713501455603257445394386847466909058645035628082899264388171847410857150
699560306572793513529427878661455342118156248255309988011004154006861975913
1112308625770679688153215800361387565704833648595880424565664784820492995159
4728077773028747989645337801777623218782369702866536328871699292882176232306
15949411744805680265204380936584613157972392782523986619350706041205550854257
16079897798883233549625062236065657679534466020504859715914360391123420300191
21623779243762460354646792920362156573347200039956242150712251191053764699377
161955911208863570985444625046358482422136222349872973561178047454261398415
19250987946589931938554404949385039755481588048173030873208278623732220019325
5907663674209890287454885868214780383934358712199940941929677707774724451757
20296961274843679557927227296798743288426768417026433973195324870449419963086
8293565571800423868720563943143995344489896123600762423745606042879846765869
5142796922407348016564667878378485112863775891630539072581123972550614750503
12706136486349408110773664886657226088276941445508045300716672509172062454180
2923304044147905495397147740967137369689011796930861200399183431092252440805
6869494177275342240469756251932749647802557865574944708454270644772759712224
21072390911592650396636671599789960041185920378416134357978529008782783559221
13695848853288770472762179111077752729078044917770890804805447607201892265169
13791437692284260730558502457420167992128376210218998590157254417466827694591
404217761581778921605881986016363515413536264991707759463141751601266272625
14835734426342437263211687549325061804163050168613953473809937906283797961216
4456756525570892567715958448940116209943135908840256666452428388859983536403
20700561151091608930614922120050559657442539982191671247221792625142325698746
15357834872774509714348808666885919177513511399321801894874008972232468559398
20633983048754215948559908260568293818458332714352460717573241085464052657606
8456012871850668786259332325759483915735011583675156229123663580460168045142
18232833147066566850674103328046128959713993170870498772352353402063291619160
14670058797859894258542011459329071561876363946821691427390373379970214561789
10640848324820845283477582478882168546153789867730499928189529295089080501436
16516213042073513885579017984355904198257331439291664166788597083029858887454
9125074724332723683207924489401625256557879430486187707396307311906390391092
19965103171949654678614822440701085036856781853279683563507927637286082952928
12463078851807871192355718682017021113220935175349076451717816723122986179310
20373913849217142005501481073885397714501385678994301556381110908584514935259
1912430685582514394671221728514608387401680871630113959872547565179740745877
7539069833952034798079612561413364624835480319335778796656418844978858064805
11363514647045031833723325494582414609817226745826114165133664142982036587230
9791113270128428398570755801527206847462322737790004201045711811936216392996
2720357739971504041951667509928332319910754984002120255887020982377740095657
11215212151182005818318359916198699674570869627546752323721432107135460826662
10475826701831104128885285544751273031173251100050557235349214708536633546997
18074060734577829835498647334646124606239224419923040717262505091034983741127
4851809382451575442812016154620378819503687074259691873782212764115015420552
953604284670711759282474822995017055700209033558645190010259404215839132799
9001484446651443434590404063992325489543638809139418367711401878877829551972
16080389302123649600379164504206318833530828023696718807472317385000668279755
1991121785868002482176741778921780614769296803408682906645805129914936511963
14365477707352337536822821625336645485069123121064864408662803901399713488370
12782723500044543521852295509036400355179437301495716171707703731389869205647
7350987660108500305891352231728646739635246797041386486844112545112976319818
18433696629968649674034890080377665033099012054282002821375964220880168347187
17720970022148110407224351723122370727676009250342563943114277010555713521574
18335335419622803404352860451211608108158584734039866400733947739385561722498
14862405846472572142229643092027505658931032317488001315306574328639546388733
2157553987980866010080708727450635193322301513502203882132737104920304937316
9427113027636534576760059528818374299408693252852219933111945419248566480484
4800288854345150181208590360788647435277933192317369711346797530163222104493
18332560177499684350234460892654388336200358053822931325115040993794477587351
3629837471475470227722144733282521692174662300065858831825413657644087786264
2919459350138108142657699680642371703649175464769115521223338685192469805320
10231951512867924951289703178880382399916504024138738962485326456351384655304
21762417581047168955831221071513320915370669879587472683358835839443517439247
11761958841900994870079728759217899512087686462930003731785278481468500019781
384894116364169998816990106808413742665761813214221910822504713916095308292
11832231505524273091903514009783186690842029624952842979961055208167392432810
6480766938236255083447718425131262819542778926816876138004012383997599424192
19502145998390597221656467160593623886243172451383827491744183317658848883024
12835313609406813812080770826131276417945576993717331732246691319111695497313
15838805355062085537004071859371472050055763170956579464830623808121861797717
20342121719210048185136832498041989011398236881800379837468600512517656590552
14544764480046950403481080263042404818866428022388133144424831419832606504513
9686344867297641526317226423491984561233292954333377020605830788252276403295
11276642746635215785405350438369170172645735497781059039535161933662498630972
11343670766681824810345448817186760649891727773853385892791598247703186536781
14136130020697503423456101340858549172948317645114575767714397736612317757916
19569453717684414262056991497718252812480129239317187336849377832948871980799
15742899361034206697277604014156384995650242995871502635423270702763566414577
829811056939444303061276285320793953156674416726837127726766791613823639749
6037502914022124821074215247854184626439817863358290005504045250243033755487
3356178457968009189584482871589684868868711532999467602645089352399829157421
17583813563161251412460333227673736333839450891199064690527569817592262050706
15500352124938237175386561933985900215435328442038662603294812268939319440710
9485961677461419631282705078590918224207961192730269521312411835512408334810
5555531525640209457697283739369319769374670833108650343030164645479276157949
13940745877949551609938948637540323557504037811411089767384960927495719080365
4488979492666557384967589354779450310692115822762770520670337362666715398867
21156927164142433643084995090080200735401600124509907871410644584743435571488
13280577078198971024500651097725918214468475610672757524993702481837260423300
105845829622084417920054085759765427932916621362340342718613570891487599737
18980913568476830844828778653567268369791391344031421616683672715156335176165
2945863017166378883999283091319721518744196136999524502793154771220772983474
7501033071730449017068064675245712774004038884331643733404755704476201834166
10304709638221949440787905778991514256844471717097370206639036640921802342026
19328233631528972388264180381385598168838761156762074852618807111740624031470
18572034326481063784669294482303354476835048402860626885692368035755485852198
10237152174846858614480375248560112220800870398803238674620130982022448254822
6291818009621156750773639177132741857893745947158576200020495766998302406919
2171524323461338666393347745872209549718591330281640121155355681602826628126
15058788191560526123424771682735307118185924789499162941857904128195598203175
3029125385134815144713446246981350286735519702375864509841703042143058130514
19873821989536391609207934143247011147355366862031516225329174503966854390333
17746371970237814809794548120741256163985589485192363967595627388943792757752
10632922918291017965996548726634602352479227765747876754111325442710299453358
1361887958970442434087812432789994022422044527439224625584563754069130986823
6447783370145032762680094066973181793358486669285035549711159157335094466457
20327274568657003100068216081605370668249113157011213773108000737709609627823
11143321153068007154326248887444491938170737365497881300484905638404599560216
15513976308603587624865012170497026867548719811582807961765929235967071090040
8420369184561205842044714541607247905828720356732543707681185423488229235595
12463972018451383343174294504221685411518147576800426303634441706074893409703
2741626543937368159118809566099471729165701305970890543192349652489916293855
21132606735542678753084055700025782489334162083444555072910247975212278476053
9283985349576502419878038873904548557161112885275241803860482135029886173513
8057256091199811441840199955046513085164494362502854037883988101962099983889
9037871821857287369428560207036577868425898090931858721956603425243284585112
16982474275192600679772967686462752811892686770438648764419125590988564951503
15536659733761499895011543607436450812077147220301946907210030909681267231413
18078995337229764953030161848440005518819218617226533845765099030408912131954
10446132147338820647358581998533283321236233300181017097463553274410034907778
6510199671462709035602883756754457066565199195681280763152708805790736418160
15081514024101892161835796528758514685810758240333858708996842487931943764183
9645481315537514061419891081441117622758824079213340841641768246146711338064
5040197824394323359613929210580981701232845946879397455864033363104040379487
9392467620925091240136450524351324151660156734299004695663546632379890703296
19552881521657792955404349374858845977058275843079576039514889433697983074496
16271744976709950107072106915773871868930059743738039135179510886764419114883
848101330991040774459672543513305435042631365394919423197554949544138265724
4306694517028984048741289766504756119107799905280924847368433086667866617468
3210523743372646157102184372267956773573167524038794108664215420399184497446
7877812505632536567486481862288365845664612939759334427030207709584205814989
4509134819340629551023891650739091935663162749148500095160536059574298793036
7745176825211720515526171883896749763328626617277625867535651146061899598496
19149763752409055777223535274219230281114142012751503981111750484719100332028
14353789345575259190437018601726667739573857277174137005232693538897392839303
6632819842420427144230222888709772572337327283898220394622180543862030092449
13687966465456170143243112917636411222197116299294887753998145415315882784312
11164343909198957915707997373519194787882268460753044617768227926554938515496
3636819463963274814281474294024930561031266612136712700150314950409934242552
9844289345487081241858338906982977312780246483436671207358296962161092863110
5158923767067535394774898760656100528746841391198354484523574242869150856392
17832205213952122181593563692109044792183764335149406462526326427113390831588
11506820586452166942599592068309718522336020852597740650808028542814985053907
12270640409120638430936407812693533564406341187459447572455620798950768240266
4147866055926570327036900659312978467351543576084313300972530220826581807973
11657811031401452558506235183118788235805265291191003488356086904049793273527
19164617482629745175964381436138382592258767844788566999750795392390790802657
14452446890605571402782347656913219634413477849724138999890593854844851909421
10780072700031185064722018249804548462640928408078590736405403301075850682836
17091392201197405455087908398497048706576645902631707991245990535371468611481
11683957365047087272844643301343018272947163156251313259471270570714234723811
19003939322650261248469445937439275948900166878402994028231772129092574725054
15077623826961443071677700885978613497072381700946960185954786209018861767910
10346529958935382951024463566799173479157529987541125185744795681300700883445
14947138305602617309105824144962210741647639564215605902843882235191044077022
19426938839511217673480651933735922142311018063650348365899032336247863781214
10966010436032147854957806975424522903956905581385593426266603433054997183455
8254134007893897511328213737519119192885145393218260324518422854985555542970
10737822551807614862793951299158632002845357744824711902304867783496754269559
5693885467773185449215419477044587605537211708442917492514875185710721377437
7199993747338775871632996805495551148087141523796363174996016673245695255066
16992078403519318643138811078085710977144006752661287385234876166441901875709
11127490280108393180926820370482912769457089458815842506730012361640489392276
14931824269339841251664654742435899800280338011046282058437592434197362700534
20891781167901281988013047417825516884331547858434844818367736948775861825532
3811139884026484938885066453298991967801524231562896808038139669579090619153
5456996594259542952588766497741114437713380909765165470281228357852014822695
10481162464584081242158495941415590472984326838497592809765110945959168659986
14576985124990801922964165670428577578488837706105952647087030212257346318211
9559271790378368508108220239783784613273752903790123127323049811608995414251
18679527760414933625919654823439151597164345446669608553375619239229069247632
10262372358101731861167117442495119476398470209774017644227093003050689054475
8804825363669428904034716866006644424740206917279716887637262757821641721059
539407433159690193209230611616437551604753114337759247808799070622149719209
19358603437864198187298614582194762834649902306245749754498879118437050062997
3572407846736686975413695022498007621217028021926816799671244144329040808410
6253139450629438438802505534779959974106665816176797560424212592495431005107
7356683303826848743427150926150005531588170156676518745037716732463518523198
14510225518514630163810241299856221779873370143629204403076324535179373600851
635065063287083947885094974153304988589443654365729167165003430083704961330
11947971251933780610293272888694866198967474476309484140688606053081226323075
17673595899564405224426007318430394388194179778737591501705884454607636471487
15700136240403542758637038810224288186862632956082314122003793725821480620631
13191080551015115561027753639048731375076135729701527346603479010959903027911
20056327844813484159732399972425852945599577108950200070197286792774016543249
2633613812909952896829683462618819184743799369836924176915239750498301536288
1909712558675546385357069346278292935725851181629737163094072148953427776731
5787522535240196710475980387931238957989652886122665841287804192703117653194
3739013219472173856750900173254314033647011185285286697229492236505622117410
20898343914094234614786506943468493757702333393153977758554621132521598866386
15380248800796646845503118724690887822095246049353392489437386259427404225677
11811549758461959582065947485454314758290278146521809271828974838975027229964
2017080855447123065114144440479597254833549025409630692776046898493732112233
21836799625526169479504701493314626023971355728334560912581636343422336784439
20421052339983332651727216518298646438260838676469566917090360833559968868264
4623774740564221878915749673156137304505523210740181772052408142450528525041
20367507315373269941411050566811647005375832680103232077915236923004311305264
10268046609903991177844761749161651335325324102951130392256329526865515375930
14228495059288987490449624559180098283132048879141988692773990736477623793283
13736992179764993597025713512802986915076155135521721001934689117990977489932
2063680852873316751734690648167324157051673204515057615331471722569423114179
20702487494000405298755742745943414651535471745081996118424758228736731318088
11337016666233256038679365524004332986624431926104839590008832185464973259874
20097878246395263103194970470145913073669478398258192709216290685417428137627
10855804966273377415190779151910414011576640314243882146979844123772595019421
4269753796800838275798023680639591726336472846209642155159010409991397278666
20637017982742956048638892419565010164722534282812945232487980876382925522026
19903731508998152758944432584561654534026061924035489777165490491299803880869
11031228673733753818465944480640297219435726805031274456871819376371892752670
4574782659660226733449943693762633567767457331711304273145316284053443571757
582164032983260371583307008690238578875118487227340407600650845893088312258
5738537375293778118490544858859532093256077981528233228828883910368475654730
463714210513171637694221626580348666582255839297338041585119297185837587062
21626258895993370655146499784453274806861959251020145987049672440672062715088
12163983982862456107619947168796936616902063022888835360868261008899444124608
1724261502385985400150376130828440301704641878811166013402251425395708325582
2853697965334659034727284161461579044586342959326093090919984545631344406447
4076153901089655769005939749214166399600718341921129486212931629336661916094
1014274414594646197206703252550972360675805162797043893185729123563962803199
6130423865306088458001587258846996802565249074476128092444426808563265678237
16143228803715795041148052464462905911647024083367101839896088842191210079915
17306853649934783426081040745996006536310298908335383003620941382185165310598
19790785393865964610808443712634706222119087099257884994491309391235963249626
17356930266110873680514485828557789749512283243762920968978198187321316896040
868002862590709348247163323830481403718821742983896232721039477105265112179
21108520013326015523949534084458223312362070135549569453490055592004161202663
21684035514207610574133509824229290199337612999202453826176632874796088558161
19519741627037723593736621588834151148666869688226342977240225494971016011473
21358812087366005239236709284716065891275990730332946760302526107928638054343
18763408709739414198087693241855721623108164349784221100941825832875161539103
5970443858927271823823439452510920018268393195471310691612090990595415795047
6699305739373114430524624645684093124575149632825390017663106405615010137527
17967910977141684715305370650434399154627186672225813068165297408247936488756
8346962806529796422477214918860960163771779916382520926005300271695692706486
17022201432980185737091123969140392424397631202470573757646844674263519987446
13141636195789252497734142062886762101455654182942757342954233601005251064686
4605286262479512035679548782496499204069782268067934441322776608026515755679
5232554989340843292930171450897375548150705733910620606598766801590539499474
4319660227226724634521769627328479231130233355383482721932689329068494282795
16257178033408464173708197655884427086825175518789164694391596353962581541122
6056919611660949729177758411429231540218521676497946895964386230292476801162
21764649180818913478186234519001785241149677936148192128012490459209862078059
20382533036677872901205503787666350377705138266606229529736870279408238941551
5381932589094137832024646326256691932847445377054981869886496447407063345159
14436469833952136131682145106930350326960068780134891259852214748833102110700
16631376577567709387634898868473572435544740618311245828847980287119622980948
6222168355228192032007353003129190563511479431114144047373222111251917504626
21828971688412604827858526117842483855187236950083455772623898664692578205236
20951128032908643060972086209698936094876428583300152152175121784259133827547
993572446230440663595442105230682068500351638332242136182958116891397437078
8051473335482428556291484624733059878623633083152255600086351894437174674139
17883672466719477035580664123230654659698662498620098856510272939295814635546
96476345517506331146731048780510599301344104574409143889806489528416167989
3685801988635679310245560840098962647442316122305621230830592581813972256615
20195272808804605168103393833254567790734457865655791330026737544155457149132
3400223189510362909231982161852544843702868084005446674316497668812141918170
3222585603736168547382208209143991600030496398542596555452666202609623167954
2823495320295799436461606975457178265645938993727362209019379759544252850499
14001740731455216877580491529677857642020378590026680461456369331297346359412
6099173275317580993730032001570648858080770790502170920471202110671930774743
19636639133067913744551312308316274981302749668112510852772696006170348961964
9984386361542135262886799140917086920643424293471296946319461699114431368969
11492591441994996631539791255492512031692691660041487389286776418316308962753
16865975096710160093834483257841078681667453426360075718076293175169854544622
13262096178435963203567794808151596935018188546927282955478302665404353132487
5907128386564263371949439699339144613818283536708485025055934813708322843872
